LCN1 SURF6 MED22 RPL7A SURF4 ADAMTS13 REXO4
s5986 -0.0264418525910924 3.63525225257162 1.54054413147355 13.9430676828948 -7.79845748653493 0.242295227238491 0.534892584323344
s5990 0.101522853476197 5.01377722514679 1.48982338216505 -0.285334141304962 -5.48001894687334 0.635396636608947 0.726104823463001
s5994 0.131198014517803 5.1285749738054 -1.10994557898017 -22.7606293595951 -1.40870940880166 0.458884548161328 0.174208389190604
s6000 -0.0264418525910923 2.47239151875447 1.71931768730155 -29.9808435527068 -5.14725248083988 -0.199778848435179 0.935471953003144
s6002 0.015342159035425 4.95938396196491 1.30264532904729 -23.1914050097602 12.7389850744369 -0.326126240895755 1.72533640756323
s6016 -0.0264418525910915 -3.64373661831807 0.499506395506192 -25.533561971197 9.17725473303228 -0.406137598982346 1.88537248425931
s6021 -0.0237159361108415 -1.00547264937618 -1.95653900063032 -0.427864656391909 -7.13619228796243 -0.31022152208714 -1.55004447670509
s6022 -0.0264418525910927 -1.9779357357929 0.80188648652376 -10.8556457052139 5.52559602417523 -0.527440023801873 2.2394204482244
s6025 -0.0237159361108406 -2.97074062815938 -0.850332046148724 20.0958370897792 -6.67035052016492 0.0160235439463389 -1.6872499950536
s6027 -0.0237159361108406 -2.56022623335647 -0.554980740538724 28.1617211213351 8.10009274565949 0.1672918110895 -1.55135506288921
s6030 -0.0246202316299208 -2.71930481158915 -2.27676840588827 -43.2419952024411 -5.06723727185594 0.033670379998698 -1.39890996251221
s6031 -0.0237159361108407 -1.05217918314129 -1.55917738873762 28.487915228553 -5.31661150063274 0.424023456977413 -0.768342751408061
s6040 -0.0246202316299212 -3.44041833066336 0.258259258890324 10.9918805563952 -9.57041174731891 -0.0289951699091656 -0.699694816831583
s6045 -0.0237159361108406 -4.70585434724889 -0.518742900961825 43.363513624213 4.93951266732309 0.149877899396827 -1.05185596751211
s6046 -0.0246202316299203 -1.62111452303708 0.489498832038129 14.3265278952259 -0.617246083189376 -0.115500360407608 -1.22801677401522
s6050 0.242889712620931 3.21658876631976 -0.820466363957002 43.2056390242891 -7.36854579736415 -0.110970854155119 1.94370746785459
s6058 -0.0246202316299209 -0.766349240613453 0.539626075416342 24.275494099504 0.155731789688953 -0.0236742414136666 -0.545845075162547
s6060 -0.0246202316299208 -1.35712778040565 -0.944339327678471 22.9682658485361 -0.46089027644854 0.104484529341084 -0.216025700042462
s6061 -0.0237159361108406 -3.29323453684987 -0.804005756020125 -21.0167703506089 -1.52384861281561 -0.324088889216568 -1.61195883645872
s6064 -0.0246202316299208 0.921814820867751 -0.902184938288362 12.6664634830531 -2.89570237106514 0.329188286744183 2.10779467865038
s6070 -0.0246202316299208 0.421201796946753 0.0929783876005387 21.5968852493531 -4.82199928320583 0.0993953000180894 -1.68066125694677
s6071 0.0680031379038311 4.94700484405133 -0.102651010393252 -14.7883062003733 10.7779578126014 -0.0577307799141074 2.10032665394805
s6078 -0.0160357042432698 -3.48027552215878 0.0229449947870897 22.7087588145667 -5.47160108784282 0.183170099365058 -1.89510430984704
s6081 -0.0218943151496694 -3.01850604336426 -0.867941180056462 -5.87114414133925 -0.903360470503461 -0.300177135486959 0.945614602686453
s6082 -0.0160357042432698 -1.28459352497948 -0.96041654200191 -4.51308146093734 13.342284846963 0.432213203845981 0.565498118778748
s6084 -0.0160357042432698 4.34417181692062 2.12303874620099 2.39795099794463 -4.64825412952062 0.499809862363174 2.64303732770534
s6086 0.0212560303863288 -1.00822529680008 0.00802587165108969 -22.3354128945283 1.63226807360848 0.179561669132972 -0.111735707050523
s6087 0.0261068175399872 -0.552993301535065 1.18832791560915 26.4900732983887 -3.92828408474216 0.28356510363724 -0.337641538926908
s6089 0.0323907896917106 -0.578311940433263 0.442565926952149 -18.8427686952793 -6.00392390577176 -0.154990324410652 -1.42506204638344
s6090 -0.0160357042432698 -2.56909878653738 -2.18983660272067 46.7715025590026 -9.33455577868512 0.125394552065463 -1.39955027932997
s6093 -0.0218943151496694 -0.748829711634365 -0.144383756228152 -13.3572430712803 -5.25231941575706 -0.0343566471637714 -1.23997692789341
s6101 -0.0218943151496694 -1.64112331352207 2.77039681437225 -22.9732914524803 14.1748861050946 -0.248335970913809 -0.954090751630998
s6103 -0.0218943151496694 1.14101673056034 -1.84713925681054 -19.1794468629823 10.5517457650661 -0.0582722816040844 2.04050097982675
s6105 -0.0218943151496694 -4.78058249614316 -1.01233974186592 -13.7429707139353 17.2353050641743 -0.118788473772284 0.680283124389453
s6107 -0.0218943151496694 -3.41225783696216 -1.40229451956428 13.9971716649477 1.55438200966064 -0.232201561499941 -1.6902423107724
s6110 0.0376811211262187 9.79298125661072 -0.412503607234711 -46.6899171673104 -4.04249426046372 0.460443499501602 0.977599283421328
s6114 -0.0160357042432698 4.40481592891162 0.141559681742589 -40.3450704354774 2.72974194241718 0.275635820595771 0.767185635278439
s6115 -0.0218943151496694 4.86681789628003 1.48928317483905 -16.5612761959063 -1.06655384124376 -0.233252426526078 0.484667826612452
s6117 -0.0218943151496694 -1.42933897350456 -0.397065856803352 -22.9797614465243 -4.87602215323206 0.377479164217523 -1.72493639248636
s6119 -0.0218943151496694 10.5518134483812 3.44663797181625 1.01980286285074 -1.61751184458786 0.489463463220393 2.83820821963615
s6125 -0.0133097877630183 5.6895960428887 0.153518926857398 -36.3739192330367 0.276049738686657 -0.134111233230877 -1.49224339525442
s6127 -0.0133097877630183 -3.248622198966 0.515859962211298 8.32829781770835 -5.70028318630644 -0.206382482167906 -1.13252659642143
s6129 -0.0133097877630183 0.588010362954104 1.7077997363285 -15.5446456416057 8.50216293738396 0.169991855863636 0.312167216653722
s6135 -0.0133097877630183 -4.2573917708366 -0.543044525183502 19.2625725448553 0.133418082103061 -0.414377103874913 -1.6919519681976
s6136 -0.00801656776751781 0.434381287595939 1.54610291708814 -48.8741621642857 3.60787448803494 0.0662683104159446 -0.433583859821336
s6137 -0.0133097877630183 -0.510142225734197 0.456240995720498 28.2276767426754 -2.38032187153154 -0.18224760562997 0.828863993986312
s6140 -0.00801656776751781 1.94572303540304 0.171300038158043 7.42909100204927 9.66376300431434 -0.0892084313665805 2.41949758922748
s6143 0.0759207912066992 -0.372992217785599 2.9526588762949 -17.7988662517117 -5.83742881299094 -0.186655835651645 0.168951018576783
s6147 -0.0133097877630183 -0.146358845917097 1.4942204015968 61.7898419020574 4.92333423383196 -0.313465429569948 2.99528923569081
s6149 -0.0133097877630183 0.451568643370602 0.146346650339398 57.3815869316163 0.928808024897561 -0.35579024297935 0.688654145870212
s6167 0.0333623072556015 -1.9930667714772 -2.53068271611034 -28.0040026239627 2.55735981451436 -0.0792453002082782 -2.6114054175952
s6179 -0.0133097877630183 -2.6885167995928 -1.2851881477772 15.4680600255963 5.48394615819716 -0.328769405774605 0.622390438907712
s6182 -0.00129805546678632 1.59261611530629 -0.412922921806221 -33.4235734395929 -2.48973026357902 0.0581524205781344 0.615993507137106
s6185 -0.0133097877630183 -3.7880123709545 0.0137657195400986 -37.6726760504137 4.92822406111926 -0.26718638280809 0.370175575685153
s6188 -0.00129805546678632 0.934881816039992 0.321722452740677 -4.03138806286995 1.23512736235918 0.00984866878991651 0.459919081492436
s6191 0.0317463611086637 0.0761522800834042 -1.81430842224223 -13.0586565770407 -8.02265878638164 0.142010459161918 -0.605294316858337
s6197 -0.00529065128726632 0.647888961960923 0.645905896390253 19.202845523331 -3.72382677296458 -0.175206488005566 -0.817130326673552
s6203 -0.00529065128726632 3.04292560873952 0.590790579847952 39.368135233073 -6.47062785542059 -0.0243303713259833 -0.836597100587683
s6204 -0.00129805546678632 -1.47299182224041 -1.74706916180374 -0.375531349265939 0.793699963844981 -0.00314827795683149 -1.21991142985436
s6206 -0.00129805546678632 -1.17181705062701 1.70032140929878 9.46512131499606 -4.82923638637991 -0.0727520380168215 -0.235420870660215
s6207 -0.00529065128726632 0.230657502735824 0.706675657268053 -51.049130664494 15.0227792224056 0.0212605351099398 2.61562233428376
s6210 -0.00129805546678632 1.62769355100599 -0.937962445808221 27.6790834061001 9.73049070935688 -0.142553279824254 5.09172951214786
s6211 -0.00529065128726632 2.43976021098502 -0.877063929594228 27.831861470568 -11.5125808046865 0.357832924989365 -0.744648063538173
s6220 -0.00129805546678632 -0.622634381332109 2.78596301298808 8.24149151736106 4.38339053954658 0.219203807476759 -0.487493335272434
s6222 -0.00129805546678632 1.36955469842709 -1.8434495576194 -45.0264863091649 -2.99217661682252 0.121433508574296 -0.343410721592483
s6226 -0.00129805546678632 1.91492285084829 1.34325865270808 -26.8164195731159 -5.57288950806012 0.170160730781844 1.12250735885758
s6227 0.0463702163142441 0.233390650472121 3.66562440171975 20.9264721406559 8.23242585457721 -0.119746178198181 0.290911634313068
s6228 -0.00129805546678632 0.228075099148989 -0.136314325014122 17.8565549456401 -0.330130242878921 -0.0559882989261105 -0.732872749725113
s6229 -0.00529065128726632 -0.198380579855278 1.19046350764745 -27.250758069128 4.37670347462982 -6.65388109662209e-05 2.06187341147276
s6230 -0.00129805546678632 0.84667446639529 1.48780437190928 20.2683537953051 -5.11278236249521 0.11066244946626 -0.205158815747283
s6231 -0.00529065128726632 0.536310764857923 -1.03983877981942 18.460918506068 -8.74864244749099 -0.0825512518413042 -0.360378506825943
s6232 -0.00129805546678632 -1.65055367793091 -0.406305468409122 7.49993926967108 6.62271418561899 -0.0677233689557015 0.463361497110236
s6233 -0.00529065128726632 -2.85197166041488 1.49206729415665 20.302243456439 1.14531944148762 -0.0840333211912612 -0.166246681358833
s6235 -0.00529065128726632 1.62124863850782 3.27277760760085 46.686145101562 -2.57544014792719 -0.156986125669015 0.724494339304157
s6239 -0.00529065128726632 0.444757598048522 -0.746266176959629 -16.891721500556 3.73883820232131 0.0923331897645948 -1.76241397923408
s6241 -0.00529065128726632 -1.35518946437538 -1.08327005647364 -4.03981481050301 -0.276881266352788 -0.0137111415031792 0.077573300650587
s6245 -0.00529065128726632 -4.25147782118478 -2.19483661383676 -39.504020499642 -11.4430308359982 -0.172372528267343 0.039460562429327
s6249 -0.00529065128726632 -1.72337749312578 -2.0952396134643 2.67143048368001 -3.30794406678799 0.0351458864120448 -2.24911600547998
s6251 -0.00529065128726632 0.82471328246532 -3.03536464596245 -5.78293137685405 3.69553404340992 0.202886741552544 -1.31969401470079
s6253 0.0437320372425213 -0.604288321160076 -1.24733509852219 11.56664640592 -0.838111134311588 0.259392652635273 -0.100027128474632
s6267 -0.00529065128726632 -1.41707220165578 -0.962492985244558 -21.053250237883 -0.586152399240589 -0.116907864700314 0.560402495013858
s6272 -0.00295533959517679 -1.31850575947289 3.5833604171815 83.1610201962952 15.4234478297693 0.0789656275361178 2.8071708549183
s6291 0.00142786101346517 -1.23307073369833 -1.88999145046407 2.29677639869775 -1.05715575849794 0.0533830444415387 -1.23459262996986
s6292 -0.0719395940188585 -2.18587012889709 0.475381934395895 -28.3049132736528 -7.92012847230491 0.0849718560353908 -0.353185509136898
s6293 0.00142786101346517 1.89577488039637 -2.26206581708179 2.42614252438975 1.03993073724496 -0.0382292977196673 -0.437250866756691
s6294 -0.0719395940188585 0.840767482564107 -1.34171621682929 -50.4131484494098 -9.30211306944021 -0.110498943335894 -0.00573466421619716
s6295 0.00142786101346517 0.381419859796873 0.797966700996286 -16.4967824796333 -2.35546402630864 0.131143660638504 -1.61632117811433
s6310 0.234508390818901 -2.36495867976189 -0.442117635360706 -34.0902525993928 9.03440178287669 -0.190356290747889 0.732796040875803
s6322 -0.0719395940188585 -3.00308689338589 1.0333342405139 25.1091089149482 7.20426258575939 0.00241981612034575 -2.39559855202594
s6328 -0.0719395940188585 -2.85841569847169 -0.260409439674305 -21.0374150816548 -1.86018283102571 -0.0932262741419572 1.1895469961425
s6330 -0.0719395940188585 2.24320430340241 -2.87010264112935 -21.8550338123538 -5.29696921157671 -0.0470441824510023 -0.400893462646497
s6332 -0.0719395940188585 1.82758490141081 -2.47309307710188 -20.2327492317418 0.818698667825291 -0.0745956205214492 1.0422884090451
s6340 -0.0719395940188585 -2.92342794589119 1.4426044897003 -22.1498785316498 -0.882698050073014 -0.256091216730599 0.313034529859902
s6341 0.00142786101346517 0.0696879189892727 0.957438365981187 -14.1174858933373 1.51380893480056 0.0283696833559976 -1.09353556390464
s6345 0.00142786101346517 -0.242573973577227 0.465781543656386 -8.33979454152125 -4.12818082494744 -0.0530828071033984 -0.0379239101450704
s6347 0.00142786101346517 2.34357467234318 -0.420394228327514 10.4537230096977 5.76964501235576 -0.104370380444909 0.773755575665529
s6349 0.00142786101346517 -1.19310765336683 -0.719673350763713 2.76709193910975 2.09172683308716 -0.0537876301043654 0.949508250569929
s6351 0.00142786101346517 -1.69118941897973 0.236111325000286 13.5060931840588 1.08679817488106 -0.102384452155533 -0.23521367764365
s6352 0.43063679868581 0.245982598056507 0.676901411628496 16.8336820944462 -6.06905677674551 -0.189053602386281 0.251456292311502
s6353 0.00142786101346517 -1.99709453286033 -0.245627726700913 13.4182597312548 -6.35067032836324 -0.173540216392182 -1.21213193786986
s6355 0.00142786101346517 -1.92984268408453 0.925408618519786 12.7488306122208 0.951083865236257 -0.0347979265034523 -0.38553709572477
s6358 0.00855882635998071 6.57756614255851 0.962507479891095 -39.2358408136448 9.65952794476269 -0.22880876266165 4.2241831021178
s6397 0.023370206057982 -1.72506133453821 0.533831007388603 98.7703810398199 -2.45895546969424 -0.102669032657389 -1.24258885449795
s6401 0.066448357135521 0.137473746679992 0.286309703313004 90.63371442867 -2.38151162915883 -0.153575684579021 1.34959595517838
s6403 0.198816131126663 -1.15152268473841 -2.73327213981859 88.1635309562549 -0.0294662570221333 0.181747860083771 -0.031642902127524
s6406 -0.0303860463791071 -3.1199306703028 -0.82537485462586 -10.4941890346608 -3.57471352985398 0.0467187298407704 -13.0356990673907
s6407 -0.069213677538607 3.37176146307829 0.952782737805205 -64.1266683725701 -0.629792891196733 0.474053862398943 -0.0805304379481231
s6408 0.0274423621445748 0.7614544565998 -3.66728978602528 4.44316777342715 -9.83599277677218 -0.132269923730943 -12.650996004779
s6409 -0.069213677538607 -1.77498036413471 1.9044537732137 -23.8776541589641 4.80495368746927 0.469909630706156 -1.03501673143237
s6412 -0.0303860463791071 -4.1767861702232 -3.32221842840096 8.85804145056517 -15.1615563577919 0.0813904260583824 -15.0884387262787
s6421 -0.069213677538607 -2.52736428849731 0.0612927852943044 -6.1606764849071 7.13155049772606 -0.091341844589027 0.0455131827122757
s6434 0.116310120310207 -3.850126394657 -1.14757987397576 -33.4434529868789 -6.62360477868728 0.318357573516485 -14.9417216942711
s6435 0.097903207851184 3.75592696148379 1.2873550507272 56.7183722237099 8.44359208351127 0.120311608022293 0.208151413188876
s6437 -0.069213677538607 2.66834315681079 1.0713633292298 -22.0620701602211 0.588048007584969 0.146861837935537 0.799735116358976
s6458 -0.0140035341177232 0.764440020452627 0.690862759113627 -41.6107013976771 -2.50224897830285 -0.0872406768754607 -0.612419080512718
s6462 -0.0140035341177232 -0.0214014410158729 0.0791053071528266 26.6948127058899 4.47367663812735 0.458143975849498 2.62394957293387
s6463 -0.069213677538607 0.0513450536621935 -0.897029577619995 -12.3192036266581 -10.7368783461969 0.078857892748702 -1.92011747260311
s6466 -0.0081670502661957 -1.40910397777473 -2.5876503955142 -14.1071356213429 -4.64865599086333 -0.356664809275916 -0.604383439160509
s6468 -0.0081670502661957 0.440019587049666 -0.93549447890288 3.4648335435411 19.2687300470286 0.377030293822095 9.838506749865
s6471 -0.069213677538607 0.370641393439191 -2.12989285034285 -37.1304902544251 -9.44037696848284 -0.068542966232687 -1.47903030233885
s6473 -0.069213677538607 2.10050949249749 -2.13147710368103 -31.1705060187121 3.91363089540797 -0.066331735096395 -0.197677252074424
s6474 -0.0081670502661957 5.11462956903427 1.67436722954422 18.8183582324931 11.440329759085 0.0365218869570122 3.7666957838397
s6479 -0.069213677538607 -2.35791291785481 1.007632321275 -25.2233089841861 -10.0139840097751 0.034036164543988 -3.82145575166153
s6484 -0.0081670502661957 -3.10859977198083 -0.876114756128579 95.2162763759411 -5.40102993597584 -0.391027305434965 -0.665448911294568
s6490 -0.0081670502661957 -5.83548685782833 0.33807409662702 10.8086497963731 -4.70863336171243 -0.228040066347209 -3.03465465844603
s6506 -0.0081670502661957 0.865831051218668 -0.0495243398313803 23.1779443858511 7.08545083924166 -0.26057997653935 1.1829761821925
s6507 -0.0276601298988556 14.0280671723952 7.48482551143155 74.7929242715059 59.4901066741504 -0.477054256484444 83.2044052955282
s6512 -0.0081670502661957 -1.84008235824553 0.78399401044382 4.8862185388151 -1.39091717141224 0.597858056411571 -0.844305211339799
s6525 -0.0276601298988556 -1.96056922773152 -0.420210800746551 -23.7507886360901 -8.77582107255591 0.349557465123346 -13.7054574713498
s6526 -0.0081670502661957 2.44940501278187 2.04499352079082 -28.7950538358399 -4.27504565456464 -0.207136915349208 -1.05275712561059
s6533 -0.0276601298988556 -1.68210916608041 1.89784823234285 -20.4057028378681 -15.5184181584893 -0.186700014323584 -13.782092331459
s6544 -0.024275724709788 3.14769071381434 1.56298414687074 -22.9352208848185 6.56395787845294 -0.164242642600339 3.76913914945022
s6546 -0.024275724709788 0.461909227478939 -1.98435105321461 -35.7337237877346 0.824063233417542 -0.0666024066071811 1.92299390416192
s6552 -0.024275724709788 -0.34676279568196 -3.3103723653743 47.9233068686564 -10.0952668471226 -0.137367927005418 1.34357726818664
s6553 -0.0112776176374717 -0.427842204206488 -1.77691664915609 -6.20213487512836 -6.59492856763767 -0.50461294396004 -1.00216805482327
s6556 -0.024275724709788 -3.75085526265906 0.676960448578139 29.2744294242735 1.08080346682154 -0.117085616081337 -1.49768931320204
s6558 -0.024275724709788 -2.73823162532356 0.749978467875939 28.3709359621434 6.03749423333524 0.192037844154846 -0.875546301615116
s6564 -0.024275724709788 -2.06654562229806 -1.05319803518276 -6.27398277244155 -0.779564708625256 0.151420613306575 0.669620682737744
s6566 -0.024275724709788 0.70427525655724 1.25346062755494 -30.9180899441036 -2.43592690681296 -0.0706883969225421 -0.669420313691866
s6568 0.0566578880736006 1.46869671473324 1.34114424362974 58.6844537802964 -8.37268009326275 0.144585597644886 1.81914039002742
s6569 0.0392846858729181 -0.31519637523029 1.00694858288964 21.1180235669156 4.62350090781313 0.133709644986002 -1.00936243759789
s6570 0.0621133381054436 1.30450983970424 -1.93348153905305 -10.9499273485265 -2.03294406003066 0.12815781981635 0.103934527927275
s6574 -0.024275724709788 -3.44732497093146 1.46087823551754 -6.32657847630655 1.90780519633644 -0.300937091928268 -0.395259598276305
s6576 0.121169985145342 -1.65147792527196 0.0256981414548393 17.5799430715594 5.66445606911904 0.0108952683552169 -1.59639218525258
s6582 -0.024275724709788 -1.41929294184346 1.97068787226284 -15.8132626004126 3.08555533331224 -0.151624803398376 1.1968848090787
s6583 -0.0054411337859442 0.53310567260875 -0.367101119118471 -23.8797680791702 -8.95846696048036 -0.286234841883126 -1.56196547893314
s6584 -0.024275724709788 -0.00842106897276051 0.590511806770038 -4.14600427599554 -1.98623519849286 -0.087253629275691 1.44024708170379
s6590 -0.024275724709788 1.41463443357874 -0.399565725007161 -38.1848925504636 -1.33751875236466 0.020307688344466 0.0802264545993133
s6598 -0.0166505988073282 -2.33398003989462 0.171665276908898 -29.1209863090122 -12.9567160223167 -0.0115471758520341 0.342616084966
s6600 -0.0166505988073282 -2.80492428786202 0.208097718613398 21.3647630358538 3.18092797332739 -0.308988348009567 0.513371245478879
s6601 -0.0054411337859442 -0.292663366122151 0.576549517149929 10.1537427519198 -1.51073593790296 -0.398595821785279 -1.43820635821415
s6609 0.0979832048452308 1.17758204377105 -1.85010037627682 -1.16835088652722 0.772727760553341 -0.321441685361344 -0.286792037427253
s6613 -0.0054411337859442 -4.81353023591465 1.35484503849123 -5.50590464274522 2.56086438240374 -0.317375305872721 -0.865459030800493
s6614 -0.0166505988073282 -3.63131007377832 -0.517971252226602 28.1621682989928 -3.39620101864971 -0.159090899031964 -1.08504854147567
s6620 0.0737568457875858 0.762356628107776 0.836136156441897 -35.2182609025662 -10.5259936504505 0.366989656196812 -0.57416937743794
s6621 -0.0054411337859442 4.24087588885655 -0.444524643496571 -47.9317195658022 -4.53041191941286 0.690149015091305 -1.59862001535938
s6627 -0.0054411337859442 0.819396380607851 1.06275147517643 -13.0669512958422 -11.0032067204479 1.3286094843796 -2.06197726216582
s6634 -0.0166505988073282 7.80961624402868 -1.056476024192 -53.7110196486152 15.0162483907437 0.0571764158427629 1.44764015632035
s6635 -0.0054411337859442 1.65862136193755 -0.725064778954571 -32.0711396976642 5.29900086446024 -0.263072008812463 -0.773609187145484
s6638 -0.0166505988073282 9.92542736570577 -1.044357629933 -34.8838432286212 8.90303177463349 -0.155199110109953 2.45666535275545
s6661 -0.0215498082295365 7.62342821028742 0.723377081973748 -26.9517472498888 -1.34288827590698 -0.00114420954721891 0.557367273297118
s6669 -0.0215498082295365 2.40028796902382 -0.0193206644565527 -53.7850636158029 -1.13102796634738 0.574148149678721 -1.03169350997854
s6671 -0.0215498082295365 -0.429528873637677 0.112281151117647 -14.2600215032778 0.254172759340322 -0.0951135206458679 -0.544247012351921
s6675 -0.0215498082295365 0.728196857307724 0.0290088707776481 1.24354687919216 12.8607124940445 -0.100857397236732 -3.04554749407885
s6679 0.0304459709728573 -0.507739728623976 -1.46998328812275 62.3608551787611 -0.340171430650478 0.193351843275259 -0.535581329277343
s6680 -0.0118865061467213 -2.4550001316127 1.04129684813571 25.7614616870778 -2.42308265153846 0.147245203102218 -0.0674757607377386
s6682 -0.0118865061467213 1.5731504357994 -0.397087347359292 41.1370152407688 2.54713542700524 -0.0721548825878889 1.20768759409494
s6686 -0.0118865061467213 -1.0692650609553 -1.90994759903006 3.50903043972581 -1.50053411640966 -0.242428677117581 0.949057958413282
s6692 0.031508264691869 -0.6743651888828 -1.1326217667714 100.784103307828 2.53046320621894 -0.214865582753997 1.89233636822634
s6693 -0.0215498082295365 1.28497340433692 -1.99963524974574 -18.1978724796158 -4.89217303776998 -0.222116543642501 -0.682098783002911
s6695 0.0963861273885275 -1.28072765073368 0.983530223544848 16.1672547300641 8.92084423013072 0.194936729283727 -0.207494590451591
s6696 -0.0118865061467213 1.5159769783065 2.74638470704341 -8.6722935618812 8.67872337892875 0.00287800343833411 -0.277778251036419
s6697 0.0726581279581885 1.20650884479502 0.254615103736847 -9.07948853100484 0.441513619047123 0.445270169145867 -0.717316543547171
s6699 -0.0215498082295365 -2.44276918897167 -0.175973597028453 27.2324977361732 -0.529720243362184 -0.22430131945313 0.0140130934448886
s6701 -0.0215498082295365 -4.23794408740948 1.95221325002215 25.1320283626551 -9.53292122998088 -0.158377364157467 -1.99693770461923
s6702 -0.0118865061467213 0.956983218434601 1.30036846088601 -30.8917816762532 0.0353733135247394 -0.0498663606789699 -0.0991981763817984
s6713 -0.0215498082295365 2.58251027074112 -1.34144815450225 -20.4133759733819 -2.83233976262818 -0.157398854503846 0.878080044730399
s6714 -0.0118865061467213 1.8270748377522 -0.276000150987694 18.1320130073298 -3.37376895141216 -0.0705837220712059 0.759420274841271
s6715 -0.0139246823270767 0.584218407890559 1.59411554295081 -4.7168025392405 -1.59401944643164 -0.127210865097761 0.543592007274424
s6717 0.175808641084564 -5.14579802297464 0.739273646544505 -10.3644069487705 -0.998666128628039 -0.226283624657274 -1.32120368314047
s6719 -0.0139246823270767 -1.24048350023634 1.41895094817421 7.16249528745251 3.91871743809536 -0.244438769160918 -0.0358422582673669
s6721 -0.0139246823270767 -2.70006945367844 -0.208260146571094 55.5635046046895 3.09369076459176 -0.233689194081606 -0.0746682754742163
s6722 -0.0179370007838754 -0.337506726790666 1.3201287393717 -9.12899987008932 13.3538533959146 -0.304801616404486 0.291956235786262
s6724 -0.0179370007838754 -0.391390329328265 -0.956075683753497 28.5723934400937 0.0787042942392189 -0.233677746448659 0.474025023941742
s6728 -0.0179370007838754 1.57676448325573 -0.621250936106297 9.35624525679968 -2.49740640066528 -0.162899684101192 -0.324557533545208
s6734 -0.0179370007838754 -0.200115742710765 0.129646859846303 44.1129060752407 -5.28678983883207 0.257692780907601 0.497393799065243
s6740 0.0723397965920126 2.78153585460003 1.4076196375259 -9.27759901908131 -5.16259102886137 0.296806770830717 -0.0823495235272082
s6743 -0.0139246823270767 -0.44116850404004 0.0122100512655064 11.2750661951595 -13.9822843891125 0.329442108087559 -0.846661136212507
s6745 -0.0139246823270767 -1.50582387745234 -0.939841347257494 21.0058472008225 -0.926772107063138 0.113589921015834 1.08622171554262
s6746 -0.0179370007838754 -0.226378426968965 0.129655198292404 3.99950848055069 -1.05926103321728 -0.278445265319025 0.178259816083873
s6750 -0.0179370007838754 -0.404715803363865 -0.0433054761997963 -36.1787109191373 2.88845010215502 -0.13926738398996 1.93190862342551
s6751 -0.0139246823270767 -0.656704618079641 1.43776082215741 -20.0445513631055 -5.05112807207504 0.153821469959389 -0.766266022188327
s6752 -0.0179370007838754 -1.98767030433847 -0.917748995901496 19.8438364315937 -10.6956909468118 -0.260130084453657 -0.675416022157547
s6755 0.0286330597435639 -4.02421496984984 -0.309902342201493 -27.0661348009665 4.75732342254806 0.330315017596364 -1.45504030244571
s6756 0.0222216378539845 0.113018894796034 1.4368265302541 5.3602910989497 8.71720448737233 -0.0111355099542156 0.692323589071563
s6761 -0.0139246823270767 -1.00379820429394 0.513780105516606 16.2621866466045 3.35338879621296 0.277784464191944 1.15620354824222
s6768 -0.0179370007838754 0.623231992226834 -0.368693545192096 -49.2726900498973 -3.53301915079178 -0.0345541239325227 -0.149614708633827
s6774 -0.0179370007838754 -1.25031640533687 0.858075304303003 4.7186449638027 4.02465120831922 0.0317815557367084 -1.16070679689749
s6781 -0.0139246823270767 1.36946358816636 -0.281773068453493 22.8016905262005 -8.36272060646854 0.202409399174562 0.800058063203024
s6783 -0.0139246823270767 -2.04927684919784 0.332531273391007 5.5598695000145 12.4455040102517 0.570502307921579 -0.456507547243296
s6789 -0.0139246823270767 1.96858331198716 -1.37569883562519 42.6120052993895 -0.429774947092335 -0.244853071835719 1.42634623936132
s6791 -0.0139246823270767 0.88684128629876 -2.95962557814867 -12.5636057654275 0.235274160608965 -0.19487185390028 -1.11030721144429
s6793 -0.0139246823270767 3.65169492877286 -1.89346481674051 -13.2369935635275 11.5997805572313 -0.026407583873505 -0.254215266776377
s6795 -0.0139246823270767 1.03652797614726 0.747500749686706 13.4792752556975 1.26407449036856 -0.222453263071996 -0.767226182213647
s6798 -0.0548374244317899 2.27487614546542 1.81852834507133 25.0761871981553 -8.5296543218936 -0.053767437000094 -1.08539003215955
s6801 -0.0139246823270767 -0.457177335767139 2.57534874969861 -4.32226678102351 -9.54368539032504 -0.246997001304218 -1.02555860882451
s6802 -0.0548374244317899 -0.512265944580185 -0.836163708402766 -32.8165224265497 6.9442587342232 -0.154869394617478 0.844811845548128
s6808 -0.0548374244317899 -1.87940473661268 -0.691385151857266 6.92343289443928 -2.051717183577 0.092207902547983 -0.469363412512511
s6811 -0.0091605896664698 0.0784755636041832 1.00127730825222 15.0222698873265 1.39557321483412 -0.287230208138046 0.334805761548615
s6814 -0.0548374244317899 -0.994370086652886 0.506692249048033 2.53603378179726 -3.3504819993117 -0.143996703181539 0.409013513832289
s6815 -0.0091605896664698 -1.58280174830752 2.19286091437702 -21.7561029017965 12.7460103832587 -0.13994363401855 -0.0807594358345747
s6824 -0.0130201257460554 1.73964768623681 0.259337065287433 0.840168330471263 3.8072411930554 0.490402603456237 0.538493553409318
s6827 0.0384477648892661 0.248458353101086 0.323408984209715 -17.6702532299055 -7.57364444088808 0.694570838462673 -1.57487473543387
s6830 -0.0548374244317899 -2.29384412739338 1.24408509367143 -4.86521841523874 0.8070147504685 -0.190922879807671 0.3147208083441
s6831 -0.0091605896664698 1.52241463497699 0.856013668283916 -8.64046023641351 -4.79040737363978 0.323354229674113 -0.238088527539184
s6841 -0.0091605896664698 0.851561356219986 -1.7803789687283 -21.7622957902115 -2.35789924158238 -0.0829150249467797 -0.606449070851893
s6853 -0.0091605896664698 2.34003479625599 0.862572313703015 -16.9645493655965 -0.399013634096979 0.839778527212553 0.296797499687515
s6854 -0.0160534250640808 -1.23520007485331 -2.28559726584889 8.27345963339482 -0.129153945179035 -0.0758207688750834 -1.72063557416166
s6857 -0.0091605896664698 -1.45961603873062 -0.434224321082985 -20.6184082794705 -4.04150573638708 -0.187171539815761 -0.481048155981183
s6860 -0.0160534250640808 1.52513616001459 -2.23849434665191 44.9937557109918 4.56470030074266 -0.198587125231381 0.737203328436495
s6863 0.0356125570276381 -0.239531201244414 -1.24532518949302 -39.8383323928595 -8.44008518681378 0.0115366370415812 -1.44101711534373
s6865 0.0390351676033127 -0.435732515966816 0.388105508353616 -11.8707976181285 12.2625954362461 -0.21979938954125 0.943379504369916
s6867 -0.0091605896664698 -1.41786893993311 -0.663884488625684 -11.2869469419985 -7.15159884839078 -0.167214098525255 -1.04273762943072
s6868 0.0230276584252575 -1.46894574414461 0.862218219676964 -30.6741913035982 -4.07411464978703 0.172731909790454 1.28066820751245
s6869 -0.0091605896664698 -1.57994934881772 -2.87281888116617 5.6263284244585 1.85566582114222 -0.285190318736192 -0.474058102610784
s6870 0.0320088194407574 -0.626400678464507 0.272710562961363 34.0314613719548 -3.61772366438753 -0.202111455173091 -0.00535798581274517
s6872 0.0289371530320924 -3.37953761228271 -0.0230056824054363 -19.4349944200952 -2.98976225647423 -0.0273100509423105 -1.36169526248992
s6874 0.0721991902622263 -0.424676257352709 1.12432919446456 1.77308596150283 -6.14137150203644 -0.0836781535472384 0.126330295122175
s6876 -0.0160534250640808 0.127124566710391 -0.400377660580936 -25.5511512581552 12.2081641380717 -0.151582355046515 1.30367959946915
s6877 -0.0152110843036239 0.745723011238215 2.73623089687501 11.1019304024824 2.9438189311912 -0.272086717012105 0.795180120580657
s6878 -0.0160534250640808 0.774979254660493 -0.219188780170137 -29.1817322406602 12.8236014947467 -0.0987045779898804 1.77678965425719
s6885 -0.0152110843036239 2.47574412038962 -0.786759801079587 -15.7010678685466 5.9499515626307 -0.115228721705919 1.86484048711799
s6889 0.18382771915604 2.08503232331142 0.776626644988113 9.16306145269338 -0.329615196158902 0.256148405207999 -0.659186788205723
s6890 -0.0160534250640808 -0.840693630110808 0.554776966286763 13.3139581958268 8.23802166026327 0.210922311696915 1.55990133951358
s6891 -0.0152110843036239 -0.101648554669883 1.12622273362721 0.222938199622389 -3.5466871287571 0.315096065721766 -0.496598496719143
s6893 -0.0152110843036239 -2.23456888568678 -0.652041636944487 2.51268044624437 -3.1422874357835 0.30040312821127 -1.30710966129647
s6894 -0.0217978862968494 -1.63390634174025 0.79151479195091 14.0845604916061 1.21973994994653 -0.131337243386486 -0.216789615259279
s6895 -0.0152110843036239 1.58411988969302 0.0116850336292128 20.6827920242954 4.2828658009799 -0.0788867727753645 1.29517587364789
s6898 -0.0217978862968494 -0.742792333261049 0.50571951314971 -8.9376849169569 -2.80692576651647 0.286660024131077 -0.24679576923628
s6901 -0.0152110843036239 0.164312552115916 0.273753848831612 18.0939112197504 1.89612311062179 0.0161347141152366 -0.123909758570484
s6902 0.11196540070594 -2.75220214315475 1.59356595525361 -37.1418268263889 -1.73436837520187 0.244972288678652 -0.64707109423269
s6904 -0.0217978862968494 -1.95475006492265 -1.08838168463869 -14.4557069495689 -4.57683396077947 -0.244042517214929 -1.45515488903635
s6905 -0.0152110843036239 -1.31584909761798 -1.56109091523752 0.900790567971381 -8.23185005174671 0.337600013059814 -2.36229575043156
s6907 -0.0152110843036239 0.355722377259318 1.77496725679901 -23.7481706736026 5.1514548734937 0.422799899122526 1.80785951063649
s6911 -0.0152110843036239 0.131979726695718 -3.14263311031581 -36.5519381294186 -0.694979880338598 -0.156303736827472 -0.685491389130954
s6912 -0.0217978862968494 0.509866943009852 1.50350327144721 18.4495449544441 3.27184887353763 -0.366017660361307 1.31676136591897
s6914 -0.0217978862968494 0.0553045468338509 -0.30603154541469 21.9018349491111 5.12789975693203 -0.0540059425948776 -1.01033879484309
s6915 -0.0152110843036239 -1.55532962251818 -1.99201938494454 -6.06907967458763 -4.5993667916584 -0.0781596724601714 -0.517967471672234
s6917 0.0351546964890813 -2.63169532625118 -0.939819198668489 7.28632614427037 -0.507532883294897 -0.108886297528888 -1.28371917856936
s6918 -0.0217978862968494 -0.0213247012546469 -3.34903853136311 72.2737730707311 -6.04549368791147 -0.165093805981137 1.786399565575
s6920 -0.0217978862968494 -1.84037084992075 0.368109828634211 5.10963389408109 7.58467156338123 0.125450623615704 -0.52786564378506
s6924 -0.0217978862968494 -0.0928404764165494 -0.525267203530889 -10.9914096170149 -7.11655599804687 -0.110239622564979 0.386792003677481
s6932 -0.0217978862968494 1.51991375213125 -0.354226470129991 28.0355743681781 0.58369086060493 0.594025782010389 2.3657348204691
s6957 -0.0521115079515383 -1.4678236155017 -0.353404692354958 5.14951496193196 9.43742275645987 0.262562499486985 0.691328032983263
s6960 0.142486237885193 -0.517088565276948 -0.0187598774119895 -24.5005007903019 -0.773116042509075 0.431187052943534 0.20011012830824
s6973 -0.0521115079515383 -0.818567820026301 -1.05056275682736 14.250012425903 -2.32534177356652 0.108686414304434 -0.0890051213292866
s6975 0.127432330453807 0.561629048493598 -0.379549195899558 17.415871416878 0.0951233410366781 -0.29026314530659 0.538161279387504
s6977 0.0859428398781836 2.07337626084 0.0776002704762412 -14.929313995743 -2.55822688418062 -0.218826429118295 -1.25956730810844
s6979 0.0945012335995266 0.994312377713198 -0.168301638390359 -9.53605704224803 -3.14279164175072 -0.309783604566071 1.69150044867208
s6981 -0.0521115079515383 -0.463801950556102 1.37621337835644 -9.89775721611305 -3.32275467987922 0.228522234593331 -0.381219215319977
s6983 -0.0521115079515383 -1.8533933302041 -0.411526690000558 6.09707915353598 1.42736459180958 -0.0654377394703728 -1.12022728708226
s6985 0.291999891682718 -0.976028456525401 -1.19000440384236 -3.95072560176304 1.46746592987008 0.241647511280847 -1.32972776339092
s6989 -0.0521115079515383 -0.00916599930070039 1.43624259381754 21.435675099128 1.07908792073118 0.266995461626223 0.377957696434423
s6995 -0.0521115079515383 3.6248245486044 -1.63780075815327 -23.728380564584 0.21598926650488 -0.263157294227932 0.328512961291803
s7021 -0.0133275085838293 0.338843300481073 0.192167940654771 4.62235654618753 1.68007226456314 0.00587221655493861 -0.613777718681652
s7025 -0.0133275085838293 -0.670482243797627 -2.83945910149404 -0.590090973210461 -7.28336591073806 0.502366687214402 -0.452816439079422
s7027 -0.0133275085838293 -1.84262555633153 -2.16843343301171 -12.7963587758015 0.560465282601448 -0.0610146308384104 1.81406746487877
s7029 -0.0133275085838293 -0.437772150237326 -1.24850693834133 4.19044933811254 1.40591657875814 -0.0797932371784963 -0.132681292445552
s7031 -0.0133275085838293 -0.819423363988727 -1.04498632799633 27.6562721639275 -1.20151446806546 -0.165788518592319 -0.398500496114043
s7035 -0.0133275085838293 -6.05279614652493 1.30389121056597 -5.70164839361248 -5.69627372102985 -0.122870537500415 -0.0461833774882422
s7037 -0.0133275085838293 0.913780336904973 0.745992609145071 -11.3823291845075 -11.0535594391371 -0.0769565345985584 -0.694541473569792
s7041 -0.0133275085838293 0.118800551652774 -1.15327478133623 -21.2915705565155 6.71568136536185 0.270742234954473 0.806391253750787
s7043 -0.0133275085838293 -2.03937231557503 1.17511089311257 -2.93872959904746 0.0140258641199429 -0.0785480209970683 -1.70077079647951
s7045 -0.0133275085838293 -0.765238936263527 0.628916476103472 7.60638232130152 -2.77928570309106 -0.19341647222877 -2.07152473510366
s7047 -0.0133275085838293 -0.975335431805026 1.33160242329797 40.4818369417815 5.99535303363645 -0.199679968941853 -1.77264610574593
s7049 -0.0133275085838293 5.86648267592507 0.660905989430772 19.0401861471975 -0.886200321931555 -0.101602977154527 -0.695035004123232
s7051 -0.0133275085838293 3.92945966703508 2.81391609174167 1.58102906640054 -7.74103819759125 -0.159047488806172 0.565628722959028
s7053 -0.0133275085838293 0.851949129187672 0.275575233536973 -11.1994247751755 0.831820316936748 -0.0253325459225454 0.967986704107269
s7055 0.0487893656260314 3.07826850112858 0.727174749493171 -35.3879974192625 -0.637379238525654 0.452449703875442 -0.275819181124422
s7059 0.0618900587076491 4.05367599803168 0.952035757364871 -1.43401449893846 -0.807079281827755 0.486760355478017 1.00333887241287
s7061 -0.0190719698165979 3.98599779919254 1.66211973479872 16.6755655235508 2.49841791510871 -0.0551467843414613 0.0487037580525346
s7063 -0.0190719698165979 5.67424669786053 1.98024042001752 -14.7392284793932 -0.258350466858696 -0.104842035984573 1.00918998924557
s7067 -0.0190719698165979 7.97367992772283 2.07173241202282 19.0378460229088 6.39117388931971 -0.0371309086779922 0.431980234007524
s7069 -0.0190719698165979 3.00549425327594 1.30508538833982 31.1616480155908 -3.41714404507769 0.110440335797096 -0.0101702846880262
s7071 0.231889295245919 6.31179605040513 2.16508126913752 -16.6778746324262 1.2763063867655 0.15972438022898 0.225967753632915
s7073 -0.0190719698165979 0.0707702396716349 0.970016662339718 -10.0487097296672 0.188389078124307 -0.0633827014091933 1.02883387704157
s7075 -0.0190719698165979 -0.357177986826663 -0.164948480480481 -17.1262896154862 5.05789625443901 -0.0991380821330933 1.27810760713317
s7077 -0.0217978862968494 -0.621639583927548 -0.63731729265749 10.2109293104571 0.255128996583727 -0.0740294900312885 0.49763316739059
s7081 0.0558614160136051 -3.29635601071456 -1.70012357018418 -14.7035060594542 3.3009962449733 -0.186343278749894 1.57019358174947
s7083 -0.0190719698165979 -3.11288959796816 0.235945467055918 10.1336811507458 6.33795381925171 0.0659709857752937 -0.829435787629485
s7087 -0.0190719698165979 1.86018260784203 0.109858894914518 -6.33232941847721 4.054265893216 -0.232497004442573 1.29795483288907
s7089 -0.0190719698165979 0.0563586729438369 -0.762748744134381 -12.2098575246532 -6.09987841761949 0.144087039557541 -0.368254188700925
s7093 -0.0190719698165979 -2.17654364096907 0.714416788834718 -6.26475617646421 -3.32146587880119 -0.0836501354050712 -0.282457939250635
s7097 -0.0190719698165979 -3.70164825835386 -0.813497961567482 51.3697735610248 5.2500452387281 -0.00707267376446725 0.883064633426784
s7099 -0.0190719698165979 -2.40886148570636 -1.00129047873548 -20.9384066294812 -3.29851693171259 0.0689611004319148 -2.13852841232019
s7101 -0.0190719698165979 1.32109918448923 -0.799335405638381 -37.6557845890582 -0.773796822224294 -0.0628340955925012 -1.15713312184306
s7103 -0.0190719698165979 -2.20564065318477 -1.72717030114978 -21.5112587362882 -3.21104695921979 -0.148955137242369 -1.65896429401541
s7105 -0.0190719698165979 -1.99506252424876 -2.57277458593782 -24.5948658386452 -0.173448047714496 -0.0508817339883733 -1.73510531647392
s7107 -0.0190719698165979 -2.58345175619666 0.775815817139019 -8.0525417291232 -0.622410988373498 0.0969898809409677 -1.15783402391782
s7113 -0.0190719698165979 -0.330163701334666 -0.931814082061081 8.43817294641978 -8.1690723323454 -0.0518286402445753 -0.885528143285816
