Genes ABO SURF6 GBGT1
s5986 -1.54739752768416 3.63527583751875 0.584551299369825
s5990 0.0522507313158898 5.01380974751862 0.92311799936991
s5994 2.50964121731584 5.12860823751882 -0.376841117630027
s6000 0.894584821316042 2.47240755751859 0.369375519369896
s6002 -0.314331318684216 4.95941612751875 2.73216059436994
s6016 0.604419271315132 -3.64376025248115 0.813238735370039
s6021 -1.67155492686832 -1.00547917710515 -0.651814886764898
s6022 -0.427596596684324 -1.97794856248137 1.63058985436991
s6025 0.651129630131649 -2.97075989710515 -1.3843694887649
s6027 1.72230342613164 -2.56024283710514 -1.46164933976489
s6030 -1.47695516673952 -2.71932245072573 -1.5081598454191
s6031 -0.517690890868311 -1.05218600710516 -0.6623637487649
s6040 -1.21128160373941 -3.44044065072575 -0.896846811419114
s6045 -1.72652491586833 -4.70588487710515 -1.1487640587649
s6046 2.4516960072605 -1.62112504072577 0.0388062825808839
s6050 -2.52478346973955 3.21660962927429 0.234409239580901
s6058 -0.514391277739485 -0.766354210725736 1.07746797458089
s6060 -1.37566367773951 -1.35713658072573 1.18048977658089
s6061 -0.229232920868349 -3.29325589710514 -1.36723136176489
s6064 -2.61642219073951 0.921820799274266 -0.544064289419106
s6070 5.76737286226049 0.421204529274267 -0.539631880419106
s6071 -2.85979666292369 4.94703693465046 -0.661595128553926
s6078 -2.29190775962052 -3.48029809497443 -2.57268900770432
s6081 0.856613126076314 -3.01852562534954 1.59059358244608
s6082 -1.82489687562052 -1.28460185497443 -1.45917902270432
s6084 -5.52054076862052 4.34419999502557 0.448655738295676
s6086 -3.38615279562052 -1.00823183497443 1.00552605429568
s6087 -2.80105024892369 -0.552996885349543 -2.26634161955393
s6089 -1.47378305592369 -0.578315695349541 -0.634195047553926
s6090 -4.30770613862052 -2.56911545497443 -1.06992340070432
s6093 -2.14667148292369 -0.748834565349539 -0.415267333553925
s6101 5.35087223807631 -1.64113395534954 1.49355479744607
s6103 -3.01423130592369 1.14102413465046 1.76114066544607
s6105 9.09515705807631 -4.78061350534954 -0.757976713553926
s6107 -3.37187207692369 -3.41227997534954 -0.923094365553926
s6110 -3.93781292462052 9.79304478502557 0.511641114295676
s6114 -0.755051461620518 4.40484450502557 1.04661306529568
s6115 1.41039558107631 4.86684946465046 0.776713376446075
s6117 4.55800106807632 -1.42934824534954 -0.987193275553925
s6119 -4.10320572092369 10.5518818946505 1.98119061544607
s6125 4.37579085419531 5.68963295040176 0.921471446160857
s6127 -0.874258577804696 -3.24864326959824 -0.251608022839144
s6129 -4.97157666180469 0.58801418040176 0.182117206160856
s6135 0.708756234195304 -4.25741938959824 -0.774991910839144
s6136 -2.55777703233628 0.43438410411005 0.77693204984206
s6137 10.7030809441953 -0.510145539598241 1.14559508816086
s6140 14.9276405066637 1.94573565411005 0.63195356284206
s6143 4.98624034419531 -0.37299463959824 1.91132322916086
s6147 -0.306774875804695 -0.146359799598241 0.894803720160856
s6149 6.42368836419531 0.451571570401761 -0.0318958768391429
s6167 -5.45988488580469 -1.99307969959824 -2.13083992983914
s6179 1.82082866419531 -2.68853423959824 0.644310537160856
s6182 -4.39220924024563 1.59262644553516 0.355864215826103
s6185 7.46876000419531 -3.78803693959824 0.0482860691608568
s6188 -3.50563825024563 0.93488788553516 1.2500165598261
s6191 -2.8505816838047 0.0761527704017586 -0.469216096839143
s6197 1.74166096247954 0.647893169486243 -0.287240522292759
s6203 5.01294605247954 3.04294534948624 0.0360358267072407
s6204 -3.59543174024563 -1.47300137446484 -0.979077890173897
s6206 -5.00412199024563 -1.17182465446484 -0.605450616173898
s6207 -4.40857216752046 0.230658999486243 0.0689878087072409
s6210 -12.7546946392456 1.62770410553516 2.2156033048261
s6211 -5.21829540652046 2.43977603948625 1.01802341970724
s6220 1.10461775975437 -0.622638424464842 1.1621297848261
s6222 -11.5250660912456 1.36956358553516 0.254301116826103
s6226 8.16783856975437 1.91493527553516 1.1917141828261
s6227 -2.85358915052046 0.233392159486244 1.64964377070724
s6228 0.753409459754369 0.228076575535156 -0.715403306173898
s6229 -0.210440957520463 -0.198381870513755 -0.306476001292759
s6230 6.88028363975437 0.846679955535157 0.589480774826103
s6231 1.29698430047954 0.536314239486243 0.51825814370724
s6232 4.74596675975437 -1.65056438446484 -0.0282810071738972
s6233 -4.31141436652046 -2.85199016051376 -1.13248719129276
s6235 -4.06205967252046 1.62125915948624 2.94095452570724
s6239 5.63585305247954 0.444760479486243 -0.576725704292759
s6241 6.74093976247954 -1.35519825051376 0.84289163270724
s6245 -8.21101340952046 -4.25150540051376 -0.951589328292759
s6249 2.21278646247954 -1.72338867051375 -2.34909681329276
s6251 4.17944892247954 0.824718629486244 -0.671027197292759
s6253 -4.47962300952046 -0.604292240513756 -1.44305963929276
s6267 -5.43547484952046 -1.41708139051376 -0.765978343292759
s6272 -7.04655952655608 -1.31851431410932 0.52338752807034
s6291 0.831677125570192 -1.23307872908865 -0.209386949308717
s6292 7.57474165844392 -2.18588430410932 0.65986647007034
s6293 -9.24369004742981 1.89578718091135 0.730015772691283
s6294 -0.357018899556081 0.840772935890683 0.28493665507034
s6295 -2.43538579442981 0.381422330911349 -1.45920280830872
s6310 4.44591270844392 -2.36497402410932 -1.02107122592966
s6322 -5.98064198455608 -3.00310637410932 -0.29234578192966
s6328 2.43329523844392 -2.85843424410932 -1.18112340692966
s6330 4.12213534844392 2.24321885589068 1.09656866907034
s6332 3.51701007844392 1.82759675589068 -0.0418248159296598
s6340 -5.04926943555608 -2.92344690410932 -0.444583932929659
s6341 7.89620731557019 0.069688370911351 0.942438833691284
s6345 4.72228367557019 -0.242575549088648 -1.02683579430872
s6347 2.77991892557019 2.34358987091135 -0.350462337308717
s6349 5.14843471557019 -1.19311538908865 0.418400725691284
s6351 4.23865170557019 -1.69120038908865 -1.52162813630872
s6352 0.0746508244439199 0.245984195890681 1.75742907107034
s6353 0.269532215570191 -1.99710748908865 -1.00324268030872
s6355 4.91741592557019 -1.92985519908865 -1.21099374630872
s6358 -1.03725308655608 6.57760880589068 1.83374465507034
s6397 2.27742961425974 -1.72507252873313 -0.0163178740644784
s6401 -1.52154184074026 0.137474641266876 0.16088218593552
s6403 -3.32967889274026 -1.15153015873312 -0.0947019700644791
s6406 5.19118142765036 -3.11995090516122 -1.29114159608508
s6407 0.291584084259741 3.37178333126688 0.77255555793552
s6408 -5.97220869134964 0.761459394838783 -0.154300924085082
s6409 -7.26911368374026 -1.77499187873313 1.58588846793552
s6412 -4.84522060434964 -4.17681326516122 -2.81952741208508
s6421 4.86418501425974 -2.52738067873312 -0.218257849064479
s6434 5.93168032765036 -3.85015136516122 -1.89132388108508
s6435 -8.17654787874026 3.75595132126687 0.236223823935522
s6437 -6.75963098774026 2.66836046126688 0.21291484393552
s6458 4.05804033909209 0.764444977311898 1.10462043981741
s6462 -0.73514117590791 -0.0214015826881017 -0.215541843182592
s6463 6.81063146425974 0.0513453912668737 -1.12546031406448
s6466 -0.80346145151405 -1.40911311584222 -1.03840422307042
s6468 -2.08535484751405 0.440022444157777 -1.92301481707042
s6471 4.23323911425974 0.370643801266876 -1.36077755506448
s6473 9.69723043425974 2.10052312126687 -1.11606644406448
s6474 -0.764360066514049 5.11466274415778 1.16473615392958
s6479 -3.81478936574026 -2.35792820873312 -2.21186675806448
s6484 3.39928133948595 -3.10861993584223 0.295770495929582
s6490 -0.778846199514049 -5.83552471584222 -1.31728383507042
s6506 0.79227298248595 0.865836664157776 -0.179275319070418
s6507 -11.3210047365338 14.028158170215 7.8472231477801
s6512 -0.602640665514049 -1.84009429584222 0.204940441929582
s6525 1.51882311346619 -1.96058194978502 -0.333410782219902
s6526 1.55437910448595 2.44942090415778 0.467630909929581
s6533 9.49674916346618 -1.68212007978502 -1.3575185522199
s6544 0.0107486822410373 3.14771113163447 0.869236702019321
s6546 4.52690324324104 0.461912221634476 -0.317336176980679
s6552 -3.20427154875896 -0.346765048365525 -1.02166898998068
s6553 -3.12019891609209 -0.42784497731191 -0.641971089317412
s6556 -0.488445462758962 -3.75087958836552 0.92953736301932
s6558 -1.68451243475896 -2.73824938836553 -1.13953859898068
s6564 -3.85877209575896 -2.06655902836552 -0.78195983898068
s6566 -2.48926963475896 0.704279821634474 -0.86182480798068
s6568 -4.75954754675896 1.46870624163447 0.861617989019319
s6569 -0.202700247092088 -0.315198417311912 -0.247107507317411
s6570 -3.97262710175896 1.30451830163448 -1.68350318998068
s6574 -1.40277329975896 -3.44734732836553 -2.53908794498068
s6576 -1.98819329175896 -1.65148863836553 -0.91392642298068
s6582 -1.09110998975896 -1.41930214836553 2.44102632501932
s6583 -1.31512849669823 0.533109129533969 -0.396931350205238
s6584 2.66296988824104 -0.00842111836552362 2.06660564501932
s6590 7.03926661324104 1.41464361163448 0.72508525301932
s6598 -0.748252289411508 -2.33399517709178 0.953359240643504
s6600 4.96139477158849 -2.80494248709178 0.894119451643505
s6601 3.59098636430177 -0.292665260466031 1.07069324979476
s6609 -1.73004869169823 1.17758967953397 0.343176254794763
s6613 -0.884038818698228 -4.81356146046603 0.603490385794762
s6614 6.18280595158849 -3.63133362709178 -1.83855978435649
s6620 6.08973803158849 0.762361572908223 0.587662898643505
s6621 -0.991835637698227 4.24090339953397 -0.174778861205237
s6627 0.0950861233017713 0.819401699533969 1.08396955179476
s6634 -1.97586192441151 7.80966690290822 0.657021310643504
s6635 0.523708961301772 1.65863211953397 -0.204719038205238
s6638 -3.77485480141151 9.92549175290822 0.997187553643505
s6661 4.52763520905686 7.62347765701067 1.9019588468845
s6669 -1.66373181294314 2.40030353701067 -1.0267829841155
s6671 -4.40098566094314 -0.429531662989333 -1.0165428481155
s6675 3.29677525905686 0.728201577010666 1.4727834568845
s6679 -3.50622860694314 -0.507743022989334 -1.2054587321155
s6680 -5.49152576860967 -2.45501605328545 -0.412892215973167
s6682 1.91552459239033 1.57316063671455 1.33848125602683
s6686 2.91045956239033 -1.06927199328545 -0.440544689973167
s6692 -6.94698958660967 -0.674369563285454 -1.33939026297317
s6693 -3.92540629994314 1.28498173701067 -0.596228121115501
s6695 -4.73528736294314 -1.28073595298933 -0.297519822115499
s6696 12.2431122223903 1.51598681671455 0.858706154026833
s6697 -3.73183627194314 1.20651666701067 1.0352120778845
s6699 3.75149364905686 -2.44278503298933 1.3774344668845
s6701 15.5383216090569 -4.23797157298933 -1.2589491971155
s6702 6.05232761239033 0.956989426714545 2.13555497102683
s6713 5.54888426905686 2.58252702701067 0.979829549884501
s6714 1.82540625239033 1.82708668671455 -0.413775969973167
s6715 9.24546760740431 0.584222198284414 2.82005098150869
s6717 -2.88372482859568 -5.14583140171558 0.320991793508685
s6719 7.32280261740431 -1.24049155171558 1.44506447950869
s6721 -3.82592068759568 -2.70008697171558 0.194514185508685
s6722 -1.74657095525173 -0.337508915413669 -0.758423571277486
s6724 -2.02860825725173 -0.391392865413668 0.743301778722514
s6728 -1.02801342025173 1.57677471458633 -0.814386483277486
s6734 -3.74045652425173 -0.200117045413667 1.32513738672251
s6740 -1.76195646125173 2.78155389458633 -0.217652660277486
s6743 -5.95271424359569 -0.441171361715583 -0.886762836491315
s6745 -4.25789209359568 -1.50583364171558 -1.47637050049131
s6746 8.25875704874827 -0.226379895413669 -0.935883571277486
s6750 4.96913980874827 -0.404718425413667 -0.752100789277486
s6751 -3.26557303559569 -0.656708881715585 0.100999755508686
s6752 5.75819436874827 -1.98768319541367 -0.852589377277486
s6755 -2.72751086659569 -4.02424107171558 -1.54954895649131
s6756 8.94516614874827 0.113019624586333 -0.653502693277486
s6761 -3.54024450859569 -1.00380471171559 0.168665159508685
s6768 -0.918813795251734 0.623236034586335 0.725604967722514
s6774 -0.996159000251734 -1.25032451541367 0.847554396722515
s6781 -1.50298866359568 1.36947246828442 -0.767157023491315
s6783 5.72000473740432 -2.04929014171559 -1.40759563849131
s6789 1.88022366740431 1.96859607828442 0.504357620508684
s6791 -4.96919954059568 0.886847038284414 -1.28039588549131
s6793 -3.53905094659569 3.65171861828442 -1.21466642249131
s6795 -0.579618531595685 1.03653469828442 0.734033410508686
s6798 -2.02081308019739 2.27489089913988 0.323750415834261
s6801 2.14096957740431 -0.457180301715582 0.0430292065086855
s6802 3.15400921480261 -0.512269270860123 -0.975053306165737
s6808 2.42369491480261 -1.87941693086012 -0.843362576165737
s6811 -5.56407664379385 0.0784760720907377 0.295175795892014
s6814 2.93150734480261 -0.994376540860124 -1.05708783216574
s6815 3.09551489820615 -1.58281201790926 0.550921294892013
s6824 -2.46413490119739 1.73965896913988 0.792776735834262
s6827 -5.94080906379385 0.248459962090739 -0.651565506107986
s6830 -2.30179393019739 -2.29385901086012 -0.151897800165738
s6831 -5.40201310179385 1.52242451209074 -0.515847147107986
s6841 3.87673177820615 0.851566882090737 1.53611049789201
s6853 -4.96429974379385 2.34004997209074 0.475221613892014
s6854 -3.40556010768213 -1.23520808424077 -0.409127116993716
s6857 -5.73241543479385 -1.45962550790926 -0.621385115107986
s6860 3.47522745531787 1.52514605575924 0.130702753006284
s6863 -5.51327461479385 -0.239532757909262 -1.87060595710799
s6865 9.80431742820615 -0.43573533790926 0.0311434618920127
s6867 8.54904559820615 -1.41787813790926 -0.195447275107986
s6868 -3.77093140068213 -1.46895527424076 -1.03977167899372
s6869 -4.71703598679385 -1.57995959790926 -0.759860906107986
s6870 -3.91218457768213 -0.626404744240763 -0.0828738979937159
s6872 -2.27644753668213 -3.37955953424076 -2.09799153599371
s6874 -2.45801324768213 -0.424679014240763 -0.630095620993716
s6876 2.41190913531787 0.127125395759236 -0.162073069993715
s6877 -3.28742050443591 0.745727849962527 0.296073492587695
s6878 5.75775083531787 0.774984285759238 -0.968646208993715
s6885 -2.88079902743591 2.47576017996253 1.79845806258769
s6889 -2.90337228343591 2.08504584996253 2.49589637258769
s6890 -3.86635914468213 -0.840699084240762 2.40386609300628
s6891 -3.51144240243591 -0.101649210037473 1.31803768158769
s6893 -3.19946562543591 -2.23458338003747 0.641450813587694
s6894 3.93887929969353 -1.6339169381338 -0.214506466659304
s6895 -3.34429543843591 1.58413015996253 -1.56085264141231
s6898 5.67814784969353 -0.742797148133797 0.885812253340695
s6901 -3.33637671543591 0.164313619962527 -0.975327157412305
s6902 0.41770055969353 -2.7522199981338 0.233863688340695
s6904 -3.91083816030647 -1.9547627481338 -0.637156121659305
s6905 6.42321809456409 -1.31585763003747 -0.0724778244123061
s6907 5.36832053456409 0.355724679962527 -0.484918644412305
s6911 -2.29412023843591 0.131980579962526 -0.178566164412306
s6912 -6.80749769930647 0.509870251866203 -0.262478811659304
s6914 6.65355699969353 0.0553049018662039 -0.0802512146593047
s6915 -2.24806832443591 -1.55533971003747 -1.09626327641231
s6917 -0.496857030435912 -2.63171240003747 -0.838570098412305
s6918 -1.98888485330647 -0.0213248381337973 0.748010448340696
s6920 0.63103809969353 -1.8403827881338 -1.3084983986593
s6924 -2.37120222130647 -0.0928410781337947 -1.3063861426593
s6932 0.687340449693529 1.5199236118662 0.597902058340697
s6957 -4.67144479138156 -1.46783313548393 -0.689437093300558
s6960 -3.45540030130647 -0.517091918133797 0.249306109340695
s6973 1.41337210561843 -0.818573125483929 -0.610727789300558
s6975 3.26567136861844 0.561632694516071 2.00265748269944
s6977 2.56780205861843 2.07338971451607 0.655220977699442
s6979 0.542303376618435 0.994318824516071 1.78360742269944
s6981 3.49428896861844 -0.46380495548393 -0.499310844300558
s6983 -3.92307097438156 -1.85340535548393 0.289924785699443
s6985 -2.14277724538156 -0.976034785483929 -1.42651752530056
s6989 -4.17077254238156 -0.00916605548393032 0.310398922699442
s6995 1.90215811261843 3.62484806451607 0.0950580236994427
s7021 -5.3765967708663 0.338845501135429 -1.01912085012854
s7025 -5.6651250758663 -0.670486588864572 -0.0271911461285345
s7027 6.1042960511337 -1.84263750886457 -0.0357319421285347
s7029 -4.1371987838663 -0.43777498886457 0.906861823871465
s7031 8.1772083211337 -0.81942867886457 0.308563215871465
s7035 2.3108304511337 -6.05283540886457 0.393395311871464
s7037 -2.0271546158663 0.913786261135429 -0.200184165128536
s7041 5.2697412011337 0.118801321135431 -0.801040738128535
s7043 -1.9416358728663 -2.03938554886457 -1.62764668412854
s7045 0.669619621133696 -0.76524389886457 -0.768739382128535
s7047 2.5597211911337 -0.975341758864571 -1.67373707112853
s7049 2.9857467111337 5.86652073113543 1.39660420887147
s7051 0.749505991133697 3.92948515113543 1.98935071487146
s7053 -1.3031393338663 0.851954651135431 1.71266986487146
s7055 -4.1584735978663 3.07828847113543 -0.120243372128536
s7059 3.8272631011337 4.05370229113543 2.42220049487147
s7061 9.08458872550935 3.9860236572424 1.81748063420588
s7063 9.87246660550935 5.6742835072424 3.06054105420588
s7067 1.98846140550935 7.9737316472424 2.54961818420588
s7069 -7.30863283549065 3.0055137472424 0.727751785205877
s7071 -5.39098275149065 6.3118369972424 1.15440535920588
s7073 -0.627036074490649 0.0707706972423977 -0.161340572794124
s7075 10.3059054055093 -0.357180302757602 0.676143773205876
s7077 0.0664735846935288 -0.621643618133796 -0.718944438659304
s7081 2.55221277550935 -3.2963773927576 -1.31850007979412
s7083 -1.57344643449065 -3.1129097927576 0.493855416205877
s7087 -8.83253133849065 1.8601946772424 -0.588458907794123
s7089 -7.45813307949065 0.0563590372423973 -0.290604572794123
s7093 -5.79891079249065 -2.17655776275761 -1.19030215379412
s7097 1.47578916550935 -3.7016722727576 0.00841758820587694
s7099 1.35522416550935 -2.4088771127576 -1.52606007879412
s7101 0.86702314550935 1.3211077572424 -0.705225266794124
s7103 1.02898964550935 -2.2056549627576 -0.818863411794123
s7105 -0.52218763449065 -1.9950754627576 -1.56204672779412
s7107 0.814662515509351 -2.5834685127576 -0.515012798794123
s7113 -1.37277622149065 -0.330165842757602 0.00152781320587573
